"COG","EDUC"
30.9396290773708,1
38.6780106989312,1
46.0478979575602,2
55.6287513937779,2
43.8369317799715,1
44.205426142903,1
65.9465935558585,2
62.261649926544,1
45.3109092316973,2
56.3657401196408,3
59.3136950230924,3
37.2040332472054,1
40.8889768765199,1
31.6766178032337,2
60.7876724748182,3
34.6245727066853,0
33.1505952549595,2
72.2109977256931,3
47.8903697722175,0
33.5190896178909,1
39.0465050618627,1
67.0520766446528,3
45.6794035946288,1
31.3081234403022,1
40.8889768765199,1
36.0985501584111,2
79.9493793472535,3
60.7876724748182,2
42.3629543282457,1
54.5232683049835,3
41.9944599653143,2
95,2
37.5725276101369,2
53.7862795791206,1
59.6821893860238,3
61.1561668377496,3
61.5246612006811,2
48.6273584980804,3
52.3123021273948,1
55.2602570308464,0
33.8875839808224,2
44.9424148687659,3
46.4163923204917,3
58.9452006601609,3
65.9465935558585,3
64.8411104670641,2
53.4177852161892,3
51.575313401532,2
56.7342344825722,3
55.6287513937779,3
45.6794035946288,2
60.7876724748182,3
49.7328415868747,2
54.1547739420521,2
53.4177852161892,3
39.4149994247941,1
38.6780106989312,1
53.7862795791206,3
57.8397175713666,3
55.9972457567093,2
47.8903697722175,1
40.151988150657,1
40.5204825135885,0
60.7876724748182,2
39.4149994247941,1
57.8397175713666,3
47.8903697722175,2
53.4177852161892,1
51.9438077644634,1
40.8889768765199,1
53.0492908532577,3
43.4684374170401,1
62.6301442894754,3
50.838324675669,1
69.2630428222415,3
48.2588641351489,3
47.521875409286,3
50.1013359498061,2
57.4712232084351,2
57.8397175713666,3
47.1533810463546,0
43.0999430541086,1
48.2588641351489,3
64.1041217412012,3
36.0985501584111,2
51.575313401532,1
68.8945484593101,2
51.575313401532,1
40.151988150657,1
36.0985501584111,1
50.4698303127376,1
62.9986386524069,3
47.521875409286,1
39.7834937877256,1
47.521875409286,2
52.3123021273948,1
46.0478979575602,3
52.6807964903263,1
52.3123021273948,2
53.7862795791206,3
35.3615614325482,1
71.8425033627616,3
57.1027288455037,1
39.4149994247941,2
67.0520766446528,3
51.2068190386005,3
47.8903697722175,1
51.2068190386005,3
68.8945484593101,2
37.5725276101369,1
50.838324675669,3
46.7848866834231,1
58.9452006601609,3
48.6273584980804,2
36.0985501584111,0
59.3136950230924,2
45.3109092316973,3
54.1547739420521,1
48.2588641351489,3
40.151988150657,3
43.4684374170401,2
49.3643472239433,3
52.6807964903263,3
49.3643472239433,3
62.261649926544,0
44.9424148687659,1
38.6780106989312,0
59.6821893860238,3
44.5739205058344,3
46.0478979575602,1
34.9930670696167,3
41.9944599653143,1
32.0451121661651,0
57.4712232084351,1
58.5767062972295,2
33.8875839808224,2
61.5246612006811,2
70.3685259110359,2
34.6245727066853,1
61.8931555636125,3
44.205426142903,2
50.4698303127376,3
64.1041217412012,2
34.6245727066853,0
38.3095163359998,1
44.205426142903,1
57.4712232084351,3
55.6287513937779,3
37.9410219730683,0
62.9986386524069,3
41.2574712394514,2
60.4191781118867,3
33.5190896178909,1
41.9944599653143,1
63.7356273782698,3
47.1533810463546,2
47.8903697722175,3
55.2602570308464,3
72.5794920886246,3
35.7300557954796,2
42.3629543282457,3
40.151988150657,2
52.6807964903263,3
41.9944599653143,2
48.9958528610118,2
60.7876724748182,3
56.3657401196408,3
43.8369317799715,1
38.6780106989312,1
54.891762667915,3
55.6287513937779,2
41.6259656023828,2
59.6821893860238,3
51.575313401532,2
36.0985501584111,1
40.151988150657,2
43.4684374170401,1
54.1547739420521,2
46.0478979575602,1
59.3136950230924,2
54.1547739420521,3
54.5232683049835,2
55.9972457567093,2
64.8411104670641,1
40.8889768765199,1
43.0999430541086,3
46.7848866834231,2
52.3123021273948,2
48.9958528610118,1
55.6287513937779,2
47.1533810463546,2
54.1547739420521,2
62.261649926544,3
58.5767062972295,2
66.3150879187899,3
38.6780106989312,0
38.6780106989312,1
62.261649926544,3
43.0999430541086,1
45.6794035946288,3
